0	230
1	39
1	730
2	81
2	843
2	952
3	528
3	862
3	935
4	951
6	466
6	892
7	189
7	703
7	756
8	406
8	998
9	73
9	374
10	857
10	985
13	389
15	683
18	649
18	938
19	628
23	547
23	636
24	490
24	734
25	398
25	800
28	7
28	816
29	646
31	416
31	440
31	460
32	263
33	607
34	234
34	352
34	624
35	62
39	6
39	578
40	944
42	248
44	281
44	928
45	76
46	153
46	883
48	151
50	283
50	999
51	126
53	929
54	760
55	258
58	483
58	748
59	867
61	163
62	256
63	739
63	925
65	372
66	46
68	942
69	605
69	979
69	982
70	241
70	614
70	878
72	538
73	30
74	208
74	742
75	604
78	317
80	55
81	403
81	986
82	629
83	630
83	877
85	367
85	708
86	157
86	271
86	511
87	68
87	91
87	793
88	269
88	519
91	164
92	451
93	140
93	975
94	661
95	844
97	384
98	268
98	527
98	656
99	919
100	218
100	262
100	581
101	65
101	572
101	864
102	19
103	486
103	854
104	758
105	429
105	694
106	145
107	11
107	643
108	966
109	688
110	771
111	231
113	24
114	132
116	971
117	540
119	360
119	491
120	127
121	355
121	675
125	192
127	452
132	357
132	424
133	749
134	531
136	521
138	186
138	698
139	463
140	498
140	855
141	510
142	591
144	100
145	776
146	524
146	767
147	526
147	940
148	598
150	784
150	890
153	434
153	682
155	989
156	71
157	601
159	387
160	57
162	899
163	495
164	190
165	679
165	894
166	286
166	539
167	641
168	178
169	796
171	185
172	235
174	326
174	553
174	812
178	477
178	597
179	169
179	737
179	751
180	967
182	625
183	376
183	565
187	576
188	216
189	803
190	348
192	16
192	809
193	901
193	955
194	438
195	111
195	350
196	396
198	330
199	552
199	780
200	427
202	113
203	763
207	98
207	146
209	45
209	305
211	840
212	275
214	316
216	150
217	200
217	794
219	921
220	494
221	789
222	412
224	102
225	872
226	119
229	52
229	402
229	428
230	328
230	334
230	690
231	893
232	453
232	633
232	821
237	358
239	566
239	627
241	159
241	746
242	431
243	727
244	718
245	78
246	476
247	555
249	54
250	250
250	504
252	166
252	860
253	593
254	750
255	571
256	549
256	961
257	120
257	768
258	247
259	589
259	617
261	848
263	254
263	382
263	480
263	810
263	946
264	822
264	841
266	310
267	274
269	962
270	965
271	923
272	642
272	766
273	865
273	871
274	632
274	791
274	874
275	48
277	181
278	779
278	906
279	640
280	90
281	799
282	671
283	29
283	558
284	802
284	835
285	908
286	289
286	470
286	584
287	259
287	292
288	828
290	99
290	829
292	373
294	8
297	147
298	359
298	714
300	5
300	60
300	405
300	464
301	505
301	516
301	588
305	161
306	121
307	282
308	586
308	785
310	681
311	551
311	657
311	924
313	631
314	386
314	932
315	22
315	123
315	134
315	188
316	517
319	501
320	456
320	713
320	788
324	674
325	279
325	408
327	237
327	747
327	983
328	14
329	608
330	433
330	826
335	324
335	570
336	995
337	806
338	546
341	291
342	354
343	88
344	80
344	563
345	363
345	520
346	34
347	943
348	266
350	264
350	523
351	42
351	137
351	276
351	710
351	994
353	69
354	236
354	369
354	949
355	807
356	104
357	426
357	918
358	684
359	51
360	849
361	557
362	77
362	590
363	507
365	257
365	445
366	211
368	437
368	658
368	765
369	997
372	670
373	284
373	474
374	900
376	226
377	815
380	818
380	891
384	82
385	886
388	522
389	468
391	368
391	735
392	888
393	845
394	712
395	204
395	458
395	790
396	976
397	33
397	970
398	881
400	203
402	338
402	635
404	141
406	652
407	410
409	333
409	939
410	920
411	47
411	154
411	926
414	503
415	356
415	914
416	644
416	772
417	335
418	197
418	937
419	577
422	873
424	79
425	876
426	13
427	677
428	762
428	879
428	977
429	603
431	172
431	329
431	411
432	89
433	525
434	306
435	125
435	544
435	817
436	948
438	792
439	478
439	754
440	853
445	307
446	383
448	638
449	133
449	499
450	485
450	612
450	824
453	808
454	472
454	541
454	616
457	252
457	905
460	471
461	753
463	420
465	378
467	300
468	290
468	980
470	696
471	974
472	936
473	461
474	455
475	678
478	294
479	174
480	347
481	72
482	285
483	212
486	308
487	467
491	508
493	532
494	15
494	496
496	413
496	568
497	177
497	814
500	115
500	851
501	582
502	41
502	651
503	991
504	214
504	542
505	176
505	850
507	580
507	846
510	699
510	804
510	957
511	221
511	489
512	277
512	349
512	668
514	117
514	623
515	85
516	728
517	228
519	182
520	399
523	116
523	198
523	996
524	196
524	303
525	934
526	129
527	757
528	138
528	701
530	267
531	118
532	448
535	114
536	700
538	199
540	534
541	64
541	379
542	462
542	634
543	243
543	609
546	56
546	545
546	647
547	783
552	251
552	313
553	365
553	469
553	778
554	720
555	106
555	654
556	201
556	287
557	595
558	0
559	63
560	554
561	9
561	162
562	27
562	673
564	20
565	165
565	187
566	475
566	487
567	805
568	10
568	473
571	206
571	740
574	109
575	415
575	619
575	689
575	993
576	156
580	87
580	280
582	96
583	362
583	676
584	707
585	896
587	43
587	870
588	184
588	761
589	173
591	31
591	202
591	648
592	297
594	61
595	245
595	366
596	108
596	885
597	506
598	38
599	180
601	769
602	423
603	167
603	323
604	660
606	574
607	131
608	764
609	28
609	392
609	606
609	898
611	50
611	409
612	404
612	481
612	561
613	509
614	959
615	93
616	602
617	482
619	933
620	83
620	502
622	160
622	795
624	225
625	17
627	417
627	514
629	592
630	446
630	721
632	650
633	353
634	715
638	449
638	706
638	992
639	909
640	639
641	663
642	66
644	223
644	450
645	798
646	859
647	391
647	425
649	1
649	736
649	868
649	963
650	320
651	244
651	913
652	537
657	3
658	95
659	377
660	569
661	331
661	419
662	573
662	722
665	94
666	84
666	622
667	813
668	21
669	441
669	732
669	777
671	175
671	265
674	529
676	479
678	484
678	797
681	327
681	400
682	637
684	820
685	191
686	567
688	336
688	515
688	875
689	709
690	217
690	224
691	144
692	375
692	548
693	149
693	596
695	388
697	341
698	321
698	719
699	836
702	139
702	984
703	238
706	249
707	407
707	556
707	600
709	155
709	465
710	322
710	691
710	781
711	232
713	610
713	884
713	916
716	75
716	272
716	342
720	2
720	288
721	692
724	364
725	12
727	332
727	964
728	930
729	311
730	436
732	397
733	36
737	889
739	312
740	124
740	723
740	915
741	852
742	37
743	594
744	733
745	695
746	315
749	422
749	725
752	107
752	183
754	179
756	447
757	101
759	741
759	907
760	112
760	302
762	724
762	770
765	665
767	430
768	839
769	533
769	968
770	233
770	550
771	58
771	729
772	457
773	240
775	239
775	726
776	152
778	340
779	301
780	246
781	253
781	296
781	575
781	953
782	261
782	337
784	680
784	832
784	880
785	25
786	32
786	978
787	222
787	380
789	917
789	960
790	618
790	717
790	863
792	442
793	705
794	390
795	299
797	842
798	343
799	704
799	782
800	215
801	786
802	278
803	583
803	887
804	361
804	543
804	615
807	838
807	912
808	497
808	904
808	954
810	105
811	370
811	459
811	536
812	103
812	418
812	493
812	956
814	759
815	351
816	988
819	142
820	67
823	693
824	122
825	26
825	158
832	97
832	903
833	381
834	339
835	972
836	530
837	562
837	659
837	941
838	664
840	927
841	227
844	488
847	193
847	314
847	773
847	847
849	535
853	579
855	454
856	613
859	219
861	711
862	655
862	973
865	559
866	560
867	270
868	990
869	345
869	518
869	645
869	662
869	667
871	40
871	148
872	443
872	869
873	130
873	685
878	298
878	401
878	421
878	895
881	53
883	371
883	672
884	168
884	611
884	787
884	950
885	293
885	432
885	902
887	393
887	811
889	135
891	697
891	752
891	801
892	319
895	35
896	44
896	621
897	687
898	213
898	435
898	743
899	439
903	947
907	500
908	325
908	775
909	74
910	346
910	738
913	969
914	856
915	220
917	385
917	669
917	731
918	295
921	931
922	318
923	4
923	195
923	626
926	394
928	987
929	512
930	587
931	686
932	492
933	513
936	207
938	831
939	273
939	564
939	702
943	128
943	837
944	945
945	86
946	59
946	585
950	171
950	755
950	830
951	209
951	827
952	414
952	745
952	866
953	922
954	210
955	834
957	194
957	958
958	242
959	344
959	858
960	229
960	911
964	70
964	825
964	981
965	92
966	666
966	823
967	882
969	205
969	620
969	910
970	309
976	395
976	833
978	49
978	774
979	599
981	304
981	744
982	255
983	653
988	23
989	143
989	897
990	260
991	444
991	716
992	110
996	170
997	861
998	819
999	18
999	136
