0	178
1	341
2	885
5	143
5	512
7	881
8	405
10	293
10	220
10	680
10	865
11	448
11	794
11	309
12	707
12	443
12	953
13	541
14	752
15	374
15	313
15	706
15	925
16	478
17	693
17	80
19	429
21	314
21	681
21	596
22	210
23	709
25	829
25	924
27	861
27	835
27	964
28	483
28	943
29	189
30	999
30	46
31	89
32	182
32	506
35	761
36	344
37	951
37	973
38	723
38	145
38	368
38	290
40	275
40	438
42	753
45	179
46	909
46	559
47	617
47	360
48	419
49	231
49	717
50	243
50	399
50	67
52	465
53	180
55	979
55	274
56	931
56	388
56	206
56	581
58	735
58	421
59	450
60	492
60	75
60	686
60	690
60	725
62	941
64	622
64	74
66	329
66	540
70	939
72	88
72	813
74	582
76	282
76	913
77	214
79	233
80	73
81	697
82	685
83	270
84	566
87	584
88	94
88	434
89	818
91	295
91	93
92	867
93	949
94	940
95	661
96	583
98	337
98	819
99	70
102	945
103	288
103	499
105	390
106	304
107	533
108	920
108	528
110	656
110	601
111	163
111	585
112	603
112	987
114	221
114	504
114	486
115	963
119	174
119	587
120	202
121	539
121	918
123	762
123	739
124	284
125	521
127	384
127	433
127	893
127	487
129	937
132	223
135	929
135	634
136	746
137	564
138	806
138	267
138	567
139	453
140	507
144	826
144	224
145	471
153	322
153	828
154	241
155	476
156	281
157	205
158	862
159	173
161	306
161	159
162	254
163	672
163	916
163	26
164	164
166	402
166	801
167	629
168	896
168	363
168	32
172	689
173	668
173	154
174	500
174	808
174	496
175	152
175	514
176	563
176	190
178	362
179	23
179	639
180	21
180	78
181	744
181	716
184	769
184	18
186	56
191	965
191	749
192	201
193	708
193	317
194	47
194	687
194	632
194	980
197	71
198	591
199	854
200	36
201	805
202	467
203	108
205	90
205	877
206	64
207	401
207	908
209	537
212	27
212	713
213	117
214	962
215	734
215	271
216	743
216	264
217	349
217	696
219	239
221	170
222	409
222	991
222	85
223	666
223	711
224	830
226	902
227	844
227	638
228	646
230	287
231	428
231	414
233	649
233	790
233	561
235	25
235	54
236	404
236	132
237	112
237	942
237	280
240	759
240	12
243	144
244	764
244	457
245	463
245	447
245	588
246	825
247	839
248	137
249	798
249	461
250	695
251	83
251	365
251	129
254	43
254	714
255	49
257	361
258	516
259	971
260	130
261	415
262	926
262	527
263	336
263	722
264	958
264	535
264	259
265	948
265	479
265	123
266	120
269	623
269	994
270	498
272	659
272	161
272	637
272	719
273	800
273	874
275	809
279	898
280	834
280	1
281	897
282	250
282	894
285	731
286	62
286	121
288	866
289	635
289	310
292	605
292	289
294	353
295	756
295	633
296	432
297	237
298	534
298	904
299	440
300	616
302	852
303	662
304	967
304	836
305	454
305	683
305	91
310	899
310	599
311	720
315	517
316	657
317	149
317	375
317	283
318	495
319	379
320	394
320	456
320	200
321	692
321	848
322	30
322	728
326	186
327	386
328	763
328	128
329	151
330	342
331	19
331	598
332	807
332	397
333	933
333	76
333	86
334	286
336	230
336	96
336	755
336	699
338	793
338	551
339	331
339	595
340	352
342	843
342	698
343	648
345	115
345	176
346	613
347	922
348	13
349	58
350	674
352	891
353	109
354	113
356	413
356	572
359	738
359	291
361	79
363	907
363	977
365	950
367	294
368	944
368	408
368	142
370	172
371	600
374	277
375	870
376	192
378	748
379	61
379	803
379	41
380	302
381	326
382	777
382	760
382	677
382	832
384	802
384	424
388	157
392	279
393	350
395	248
396	16
397	466
398	278
400	301
403	119
408	921
409	831
410	464
411	821
414	816
416	199
417	242
417	406
420	469
420	905
422	574
424	503
425	345
425	158
427	651
428	872
430	879
431	255
432	427
434	592
435	20
435	312
438	480
438	444
439	135
440	183
440	184
441	334
442	477
442	333
444	727
444	66
445	5
446	97
448	51
448	732
448	155
450	227
451	549
452	489
452	403
452	694
453	167
453	887
453	269
455	989
457	873
457	730
457	268
458	300
459	50
460	928
460	652
460	297
460	266
461	982
461	218
462	425
463	430
467	882
468	923
469	972
469	520
470	400
473	236
478	799
479	257
481	253
481	703
481	265
482	208
482	715
484	502
484	195
484	194
484	712
484	38
485	606
486	978
486	493
487	785
487	213
488	864
488	757
488	710
489	565
490	895
491	332
492	664
492	618
494	630
497	204
497	455
497	472
499	575
501	576
503	934
503	871
503	545
504	407
506	737
507	624
507	604
509	791
512	391
512	84
513	458
514	768
516	671
517	328
519	217
521	553
521	65
523	875
524	952
525	193
526	815
527	6
528	824
528	580
528	555
533	542
536	842
536	742
537	252
537	911
537	219
539	530
540	508
540	110
542	992
544	770
545	556
551	954
551	930
551	355
551	558
551	133
552	373
552	318
556	903
557	747
559	45
563	168
564	431
564	850
567	111
567	787
568	654
569	959
570	14
570	797
571	203
571	627
571	285
574	273
575	969
576	766
577	370
578	100
578	609
581	490
581	396
581	381
581	136
583	669
587	845
587	359
587	356
588	745
589	33
590	416
590	532
591	246
591	395
591	8
594	853
595	473
595	917
595	2
597	146
599	17
599	72
602	116
604	452
606	330
606	139
607	105
608	348
609	546
610	859
611	552
611	262
612	247
612	966
612	42
614	758
614	675
614	325
614	614
616	736
616	0
622	682
623	780
624	392
625	531
626	678
627	196
629	789
630	524
631	597
631	550
633	460
633	321
633	612
633	529
635	910
635	525
635	258
636	906
637	840
638	814
639	59
640	927
641	817
644	238
644	610
645	751
646	44
646	351
648	39
649	156
650	165
651	750
652	232
652	364
652	354
655	935
656	670
661	335
661	256
664	984
666	398
667	804
667	296
667	15
668	878
668	107
668	316
669	569
670	22
671	985
671	956
671	970
671	996
673	957
676	484
676	968
678	995
681	244
681	52
681	339
682	847
683	823
683	679
684	855
685	191
686	272
687	915
688	774
693	436
694	636
695	207
695	515
697	876
698	998
698	358
699	779
699	153
700	740
701	961
702	68
705	437
706	851
706	140
709	900
710	856
711	387
711	87
712	376
713	215
713	340
714	245
714	522
718	177
718	975
719	820
719	782
720	377
721	494
721	889
721	773
724	647
727	188
729	990
729	485
729	919
730	786
731	420
731	166
733	198
734	222
739	827
740	315
741	607
742	548
743	892
744	976
744	426
744	594
745	4
747	393
751	462
753	519
754	509
754	783
756	371
756	523
757	932
757	784
759	60
761	986
762	102
762	303
762	134
763	631
764	778
764	772
765	482
765	914
765	602
766	29
767	936
767	846
767	526
771	260
772	543
773	106
773	812
773	292
774	449
775	884
776	229
777	974
778	225
779	82
780	946
780	658
780	298
782	99
784	620
785	418
785	701
786	307
787	811
787	704
788	993
789	642
790	767
792	775
794	912
794	261
796	796
798	997
798	960
798	593
800	857
801	721
803	615
804	251
806	57
806	883
806	104
807	733
807	323
807	320
807	34
808	888
808	367
809	92
809	640
810	663
810	621
810	578
811	868
812	838
812	343
812	518
813	947
813	3
814	124
819	510
819	240
819	771
819	729
819	547
822	557
823	24
823	378
823	308
823	35
827	197
827	611
828	446
828	327
829	234
830	389
833	211
833	586
834	860
836	781
836	655
836	31
839	625
841	869
843	411
846	185
847	338
848	644
849	126
849	435
849	589
850	788
850	544
851	562
852	705
853	235
854	673
854	305
858	369
860	983
860	55
860	216
860	37
863	148
863	263
864	410
864	650
867	653
869	311
870	571
871	955
871	765
872	626
873	554
873	7
874	28
874	886
874	795
874	81
874	63
875	346
876	118
877	160
878	125
881	417
882	718
883	505
887	488
888	981
888	442
888	77
888	69
889	422
890	175
890	560
892	470
892	385
893	372
894	660
895	579
895	276
896	641
897	101
900	11
901	474
903	150
905	511
906	10
906	645
908	138
909	445
909	741
910	776
911	103
911	726
915	347
915	573
919	501
920	570
921	299
924	459
925	412
927	837
928	226
928	380
928	643
928	568
929	441
929	841
930	423
932	497
936	382
936	357
938	209
938	688
938	590
939	491
942	212
943	40
945	691
945	667
946	822
946	131
948	833
948	608
949	324
949	577
950	114
953	938
953	901
953	684
953	513
954	122
957	187
958	249
959	619
960	141
960	127
961	53
962	451
965	665
966	48
967	724
968	228
968	863
968	319
968	9
971	858
971	171
971	169
972	95
973	880
974	792
974	676
976	366
976	700
979	439
980	702
981	181
981	147
984	98
984	383
985	988
985	810
988	890
990	849
991	754
992	162
993	468
993	538
996	481
996	628
997	475
999	536
