0	20
0	45
2	836
3	27
3	645
3	765
4	375
4	871
5	69
6	197
7	791
7	995
8	338
10	25
12	374
14	574
15	179
15	521
18	146
19	740
20	385
21	852
21	951
23	672
24	216
24	587
26	593
26	777
26	865
28	599
29	227
29	585
30	292
31	70
31	305
31	592
31	641
33	538
34	357
34	525
34	970
35	50
35	728
36	693
37	617
38	631
39	294
39	600
40	72
40	766
41	38
41	900
42	413
42	711
42	778
43	66
43	304
44	640
48	569
50	681
52	502
56	843
57	41
57	743
58	8
60	150
61	876
61	907
62	116
64	527
66	232
66	941
67	509
68	577
69	246
71	52
71	943
73	76
73	151
73	412
73	901
74	377
76	867
77	34
77	171
79	109
80	231
80	454
81	1
82	30
82	402
84	178
85	159
89	470
89	485
89	498
90	432
90	992
91	381
92	472
92	957
94	142
94	685
95	661
95	666
96	568
97	420
98	444
99	754
100	211
101	613
101	731
102	469
105	407
108	735
108	894
108	949
109	102
109	332
112	241
112	686
113	572
113	730
114	428
114	868
115	430
116	133
116	307
117	356
117	541
121	157
121	826
121	940
123	757
124	797
124	810
124	974
125	77
125	158
125	495
129	235
130	886
131	508
132	644
132	736
132	795
134	580
134	643
135	317
135	647
135	897
136	128
136	753
141	618
142	324
142	544
143	755
144	877
146	87
150	250
150	783
150	922
151	932
152	99
152	226
152	942
152	972
153	770
154	405
155	335
157	874
158	401
160	62
160	499
161	844
162	676
163	606
164	135
165	218
165	321
165	664
168	230
168	924
169	523
170	190
170	591
170	659
174	136
176	58
177	71
178	610
180	80
180	121
180	605
183	283
183	814
184	895
185	453
187	47
187	530
189	742
190	658
191	169
191	282
192	917
194	370
196	91
199	207
199	360
199	832
200	550
200	997
201	393
202	662
202	716
202	820
205	821
208	88
208	673
209	823
209	983
210	107
213	406
214	31
215	383
216	19
216	721
217	63
218	267
218	748
218	760
221	194
221	674
224	296
225	787
228	320
228	384
230	794
232	553
233	438
235	501
236	450
237	10
238	806
239	464
239	939
240	698
240	709
241	28
242	275
242	649
242	967
244	164
244	594
244	884
244	887
245	461
248	650
249	724
249	911
251	507
254	417
254	923
255	147
255	327
255	708
258	173
258	328
259	303
260	94
261	187
261	222
261	325
263	952
266	403
266	423
267	756
270	768
271	308
275	182
276	714
277	124
277	566
280	106
281	626
283	6
283	264
284	108
284	803
285	399
286	365
288	161
288	573
289	289
289	597
291	848
292	154
293	704
294	251
294	350
294	864
298	990
299	311
301	191
302	910
303	584
304	364
304	481
305	53
305	519
305	989
306	373
306	389
312	856
313	206
314	219
314	790
315	95
316	517
319	247
319	422
320	456
322	792
323	255
326	443
326	706
327	359
327	872
329	298
329	935
331	263
331	368
331	980
332	249
333	882
336	355
336	750
336	815
336	828
336	926
339	168
340	985
343	726
343	737
345	446
345	827
346	635
347	89
347	351
351	648
352	899
353	93
353	621
354	549
356	202
356	611
356	869
358	114
358	947
359	758
361	340
361	637
365	452
366	192
366	669
367	12
367	148
369	813
370	497
372	153
373	363
373	435
374	201
375	920
377	22
379	633
382	713
383	112
387	624
388	75
388	396
389	122
389	588
389	781
392	79
393	268
393	326
394	208
394	625
395	516
395	977
397	680
398	475
398	785
399	348
401	988
402	189
402	366
404	677
405	552
405	630
405	857
406	946
407	40
407	214
407	520
408	59
410	16
410	297
410	960
411	729
412	167
412	801
414	642
416	912
417	409
418	415
418	471
419	534
419	717
421	343
422	257
422	561
423	925
424	840
425	233
425	578
426	532
426	883
427	860
428	221
429	687
429	879
429	921
430	808
432	46
432	322
432	819
433	720
434	314
434	678
435	67
435	83
435	837
437	386
438	916
439	712
439	905
440	551
442	180
442	715
443	277
446	429
447	798
449	14
449	583
450	4
450	7
454	638
454	784
454	976
455	559
456	442
457	526
458	909
459	400
460	562
460	696
460	702
460	727
462	220
463	155
464	771
465	82
465	655
466	775
467	36
467	512
467	948
468	24
470	479
471	419
472	804
473	84
473	546
474	301
475	18
475	270
476	152
476	540
477	256
477	739
478	103
478	929
479	372
479	961
479	991
480	183
481	42
481	665
483	57
483	796
484	382
485	719
486	697
489	825
490	579
493	33
495	880
496	362
496	492
496	511
497	111
497	252
497	344
498	695
498	963
500	331
501	834
503	11
503	13
503	607
503	734
504	48
504	295
505	149
508	185
511	570
512	861
514	184
517	514
517	853
518	542
519	431
520	51
520	725
520	987
521	188
521	692
523	97
523	945
524	280
525	639
527	451
528	288
528	539
528	855
529	236
529	690
531	361
532	955
533	224
536	43
537	437
537	986
538	817
539	115
539	699
540	679
540	701
541	176
541	500
542	829
544	683
545	73
545	274
546	379
546	537
549	652
553	904
554	425
554	589
555	528
556	337
556	873
557	831
558	747
559	132
559	513
559	732
561	484
562	204
562	654
562	979
563	205
563	893
563	954
564	595
566	141
567	984
569	890
573	746
576	213
576	515
578	903
579	300
580	862
581	104
581	744
582	473
584	23
584	476
585	788
586	881
587	0
587	312
587	830
590	772
590	914
596	436
597	254
597	841
600	278
600	888
601	938
602	74
603	851
604	210
604	656
605	816
605	931
606	369
606	875
607	166
607	309
608	486
612	17
613	143
613	354
616	392
619	3
620	866
623	276
623	394
623	839
624	457
624	629
624	927
624	950
626	556
626	956
628	198
628	646
628	859
630	670
631	253
632	284
634	286
634	738
636	410
636	978
637	411
637	474
637	846
639	86
639	342
640	575
640	700
640	930
641	273
641	545
643	285
643	759
645	60
645	491
646	120
646	462
649	493
649	800
649	982
650	110
650	590
651	619
651	850
651	854
652	200
654	245
654	745
655	44
655	835
657	2
657	125
659	762
660	162
660	733
662	749
666	244
666	426
666	842
671	582
671	902
672	543
673	238
673	535
675	604
675	849
679	718
682	504
682	707
682	993
684	137
686	193
686	302
686	586
688	145
691	468
691	482
692	463
694	994
696	237
696	391
696	761
697	15
697	657
701	225
701	272
702	466
703	118
703	195
704	944
705	323
706	449
708	105
708	505
711	691
712	78
713	212
713	996
716	281
716	554
717	548
718	248
718	741
720	565
721	822
722	968
725	663
726	614
727	668
728	156
728	478
729	889
730	398
730	487
731	965
732	49
732	186
734	632
735	818
736	434
736	936
739	598
739	918
741	962
742	90
742	279
742	299
742	380
743	35
743	315
744	703
744	969
745	100
745	181
746	908
749	622
749	660
750	601
752	229
752	675
753	445
755	608
757	215
758	424
760	378
760	896
762	560
763	345
763	799
765	9
765	260
765	763
765	847
766	271
769	529
770	139
770	269
771	448
771	603
771	684
772	223
773	129
773	937
776	623
777	287
778	68
779	694
780	175
781	440
783	395
784	140
784	773
788	261
790	123
791	667
795	780
796	240
797	243
798	306
798	919
799	418
799	441
801	37
801	558
803	352
803	615
804	242
804	971
807	602
808	404
809	838
810	477
810	764
811	65
814	119
814	319
814	347
820	371
822	533
827	101
828	793
828	898
829	209
830	367
830	915
832	376
832	460
833	774
834	138
834	496
834	802
835	334
836	752
837	811
838	634
840	518
844	433
844	576
844	807
845	258
845	467
846	408
846	833
848	651
849	341
849	809
850	291
850	480
852	358
852	421
853	318
853	998
858	54
858	636
859	228
860	966
861	32
861	199
864	117
864	913
865	329
865	489
866	56
866	160
868	459
868	928
869	85
869	290
869	455
869	878
873	5
873	64
873	824
874	339
874	845
875	782
875	892
876	388
876	563
877	616
877	964
879	863
880	465
880	531
882	786
884	447
884	805
887	92
888	524
888	555
888	682
889	723
891	259
892	346
892	628
893	131
893	769
894	113
894	310
897	953
898	934
899	313
899	671
900	172
902	330
904	266
905	536
905	627
906	975
907	688
908	29
911	776
912	567
912	751
915	174
915	885
916	397
918	490
919	503
920	710
921	547
922	564
923	134
924	21
924	127
924	999
925	333
925	653
925	789
926	612
926	981
927	416
927	483
931	506
932	234
932	427
935	387
935	522
938	81
938	705
939	439
941	39
941	316
945	609
946	571
947	293
950	126
950	390
950	973
951	130
954	458
957	906
959	96
960	196
960	265
962	581
963	722
964	353
965	858
967	144
968	767
970	55
970	163
971	494
972	262
973	596
973	812
975	557
976	336
976	414
976	933
976	959
979	98
980	510
981	349
981	488
981	870
982	891
986	61
986	203
988	217
988	779
990	689
991	177
992	165
992	620
993	170
994	26
995	958
997	239
