1	231
3	987
4	673
4	853
6	706
7	314
7	956
8	57
8	702
9	627
12	69
12	668
14	696
15	839
17	655
18	101
19	213
19	368
20	20
21	577
22	641
23	144
23	155
24	62
25	158
26	90
26	647
28	214
29	146
29	669
30	974
32	568
35	344
35	500
36	68
36	756
38	396
39	160
40	430
41	242
42	994
45	835
46	579
49	79
49	386
51	323
51	496
53	393
54	10
56	572
56	804
56	874
57	288
57	586
58	89
58	485
59	157
59	206
61	80
61	202
61	794
65	136
65	927
66	315
66	909
68	797
69	333
71	625
72	122
72	531
73	169
74	140
74	185
76	573
76	993
77	467
78	890
79	8
80	676
80	789
82	479
82	698
86	474
87	329
90	525
91	745
92	529
94	343
96	269
98	403
98	506
99	302
99	414
99	452
100	46
100	270
100	395
102	815
102	952
105	933
107	744
107	858
109	132
110	128
110	365
110	699
110	819
111	273
111	923
112	781
113	550
113	964
115	695
116	9
116	954
117	232
117	583
118	769
121	498
124	381
124	969
126	888
127	517
127	910
131	437
134	63
135	685
136	764
138	448
139	172
139	208
139	341
139	946
140	518
141	165
141	195
141	955
143	499
143	978
144	100
145	584
146	540
146	714
148	35
148	671
148	905
149	29
150	143
150	760
151	58
151	137
151	767
152	223
154	321
154	383
155	885
157	857
158	272
158	786
162	77
162	740
163	661
170	367
171	81
172	423
175	649
176	25
176	799
177	894
178	170
178	245
179	631
179	751
179	872
180	384
180	928
181	535
183	279
183	944
185	277
185	718
187	541
188	131
188	215
192	459
192	560
192	594
193	549
196	621
196	737
200	378
200	539
201	975
202	92
203	476
205	404
205	523
208	51
208	290
209	893
213	400
213	803
214	785
215	569
218	795
219	477
221	966
222	417
222	763
222	848
223	598
223	846
224	387
225	275
225	619
225	965
226	184
226	935
228	150
229	233
229	603
229	710
230	249
230	515
230	596
231	493
232	421
233	843
234	167
235	299
236	443
236	836
236	864
237	32
237	334
237	660
237	811
237	878
241	920
242	806
246	559
246	700
252	883
253	675
257	925
259	91
260	117
261	716
261	942
263	998
264	115
266	406
268	691
268	881
268	963
269	530
271	87
271	342
271	358
271	844
271	967
272	732
273	225
275	163
275	325
275	680
275	854
276	522
278	254
278	546
278	607
278	633
279	487
281	504
282	82
282	183
282	897
283	255
283	502
283	753
284	305
284	557
284	648
285	147
286	73
286	617
290	286
291	48
291	171
293	300
293	902
295	266
295	356
296	932
296	968
297	52
299	949
300	260
300	947
301	264
302	257
303	234
303	428
304	765
307	453
310	478
310	626
312	265
312	995
313	784
314	849
315	217
316	219
316	690
320	193
321	30
322	571
323	301
325	483
325	877
326	553
329	15
330	110
331	196
331	931
333	230
333	793
334	468
334	488
335	989
337	337
337	937
339	200
339	711
340	354
340	899
342	93
342	287
342	524
343	191
343	919
344	291
345	118
345	130
346	16
347	723
348	465
349	800
351	372
351	567
351	602
352	918
353	18
353	636
354	766
355	667
358	59
362	871
363	281
363	654
363	775
363	936
365	736
369	227
371	221
372	240
373	907
374	507
378	14
378	896
380	463
383	125
383	436
384	825
385	176
385	618
385	855
386	278
387	338
387	957
388	513
388	757
390	611
391	578
391	724
392	72
392	145
392	953
393	123
393	679
395	95
397	318
397	981
400	755
401	179
401	220
401	392
402	129
402	727
403	164
404	105
404	319
404	860
405	425
406	346
406	779
407	350
408	216
409	683
410	353
411	623
414	6
414	582
415	511
416	930
419	237
419	830
421	363
422	307
422	397
422	749
423	22
423	142
425	892
426	444
427	585
429	97
430	4
430	752
431	733
433	701
434	434
435	411
435	884
436	308
437	575
437	726
438	542
439	581
440	199
442	310
443	556
444	787
445	637
446	41
446	489
446	520
447	271
449	481
452	108
452	295
453	49
453	375
453	634
455	490
455	628
456	813
457	280
459	330
460	376
460	722
460	823
461	921
461	938
462	863
462	901
466	324
466	534
467	717
468	31
468	624
469	133
470	615
471	879
473	252
473	991
474	113
474	186
475	243
475	401
475	829
475	906
477	53
477	552
478	510
478	652
480	61
480	203
480	973
481	915
482	613
485	312
485	429
485	898
487	432
487	791
488	780
488	796
490	189
491	457
493	689
495	352
495	469
496	106
498	210
499	2
500	746
501	370
501	606
502	285
502	630
502	705
505	750
507	296
508	589
509	738
511	340
512	42
513	139
513	309
513	644
513	773
514	461
514	653
515	876
517	244
518	3
518	5
518	70
520	127
520	154
520	317
520	364
520	551
521	336
522	345
524	349
525	642
525	980
528	201
528	268
532	1
532	420
532	593
532	983
534	94
534	226
534	298
536	561
536	563
536	817
537	802
539	707
539	777
539	996
540	134
540	442
541	50
541	373
541	985
545	678
548	772
550	152
550	566
550	614
552	304
553	988
554	486
554	591
555	612
557	748
558	60
558	408
559	620
561	538
562	238
562	831
563	228
567	735
568	85
568	608
569	809
570	44
571	294
572	934
573	121
575	845
576	639
576	643
577	422
578	222
578	347
579	192
579	335
579	361
584	194
585	198
585	597
585	865
588	175
592	433
593	688
593	762
593	774
594	670
597	475
597	640
597	979
598	447
598	837
599	521
599	961
601	544
602	241
604	102
605	71
609	313
609	900
611	651
611	729
612	859
613	0
613	501
613	719
614	173
614	320
615	362
620	616
620	659
621	39
621	316
621	822
622	162
622	741
623	26
624	259
625	98
626	180
626	565
626	742
626	976
631	405
632	256
636	293
636	841
637	889
638	33
638	834
639	159
639	605
640	207
640	959
642	747
646	112
646	997
647	292
647	818
649	28
650	55
651	390
651	674
652	75
652	610
653	528
656	495
657	78
657	713
660	904
660	940
661	388
662	413
662	939
662	941
665	454
665	703
670	138
670	431
670	622
673	239
673	464
676	720
677	380
678	509
678	601
678	824
679	311
679	327
680	512
680	867
682	366
684	107
684	455
685	694
687	827
687	958
688	148
689	599
690	382
692	816
692	912
693	263
694	141
697	374
697	665
698	351
699	398
699	536
699	715
699	808
700	21
700	377
701	543
702	236
702	574
702	913
703	391
703	929
705	360
705	880
707	407
707	545
708	838
709	728
709	778
710	276
710	289
711	45
711	151
712	708
713	805
715	492
715	587
717	681
721	348
721	394
722	104
722	758
723	801
724	126
724	686
726	166
727	950
728	297
728	427
728	721
729	664
729	875
731	917
732	687
732	948
733	182
733	697
733	734
735	866
737	27
737	439
738	283
740	322
740	704
740	814
741	66
741	109
742	247
742	646
744	435
744	725
744	869
745	547
746	645
746	951
747	832
748	833
749	446
749	595
752	650
754	419
755	445
757	205
757	416
759	424
760	730
762	306
764	84
764	609
768	135
773	40
774	177
775	886
777	197
779	178
779	418
781	754
781	861
783	798
784	357
790	666
790	984
791	56
792	497
792	635
792	990
794	537
794	731
795	161
795	514
797	693
799	114
800	7
801	83
801	916
802	13
802	64
802	657
803	470
803	508
804	120
806	19
806	783
806	828
806	851
807	945
808	43
808	149
808	355
810	331
813	410
815	248
818	54
819	65
821	856
822	672
823	914
826	47
826	592
828	224
828	532
831	253
832	903
833	188
835	761
836	847
838	369
838	385
838	441
838	600
839	99
841	246
842	76
842	96
843	480
844	326
844	460
844	924
845	34
846	516
846	576
847	284
847	438
848	412
848	692
849	450
851	153
853	873
854	677
854	788
855	554
856	11
856	999
857	339
857	389
858	235
858	555
859	229
859	415
860	119
860	638
862	451
864	911
865	743
866	960
867	371
867	456
867	570
867	971
870	12
870	943
871	168
872	156
872	712
873	212
873	850
874	908
875	982
876	116
876	588
876	992
877	658
881	258
882	379
882	440
883	895
885	111
885	471
885	580
885	604
889	103
889	503
891	564
891	662
892	209
893	332
893	466
894	190
895	632
896	472
896	840
897	977
900	887
901	473
905	38
905	261
905	274
906	426
907	262
909	790
909	820
910	821
913	36
917	124
919	807
920	870
922	211
924	491
926	519
927	402
929	449
931	768
932	590
932	922
933	23
933	88
933	359
933	782
934	970
936	409
936	709
937	458
937	852
938	868
939	86
940	739
940	882
942	17
942	682
943	656
944	462
945	548
946	972
947	37
947	533
951	986
953	74
953	770
954	303
957	187
957	810
959	174
959	328
961	792
962	629
963	663
964	67
965	399
966	812
968	250
968	771
970	562
971	526
973	181
974	505
976	267
979	494
979	826
983	204
984	218
984	527
984	684
985	759
985	891
986	282
987	482
988	24
988	926
990	862
995	251
995	842
996	484
996	776
997	558
999	962
