4	700
4	525
4	170
4	309
5	552
6	36
6	504
8	564
10	459
16	773
17	917
17	511
20	146
20	21
24	740
25	880
26	305
26	686
27	85
29	855
30	997
30	465
31	629
31	509
32	856
33	974
35	431
36	580
36	79
38	415
40	934
44	109
44	318
45	454
46	765
48	914
48	905
51	427
51	915
51	404
52	452
52	208
53	594
54	959
55	659
57	400
57	240
58	312
62	151
62	299
63	546
63	134
63	27
65	298
65	753
66	937
67	705
67	51
69	168
70	589
71	183
71	342
72	650
72	849
72	698
72	672
72	912
73	324
76	852
76	188
77	374
77	492
78	643
79	989
79	742
79	207
79	601
80	857
81	408
81	189
85	541
85	462
86	294
87	547
89	290
91	750
92	805
94	143
94	53
95	861
96	217
97	829
98	222
98	171
98	80
100	117
102	440
104	877
107	193
107	407
107	254
108	570
109	804
111	901
112	225
113	414
114	945
114	637
115	265
117	501
122	278
122	545
123	948
124	376
124	780
130	466
131	543
132	965
132	122
133	944
134	641
137	559
137	142
138	656
138	495
139	878
144	976
144	435
145	55
146	986
146	894
146	216
146	196
146	314
147	485
148	330
149	178
151	182
151	114
153	239
154	220
155	500
156	762
156	261
158	921
160	599
160	251
160	783
160	713
161	469
162	262
164	393
165	276
166	13
167	687
168	837
168	854
169	867
170	444
170	131
171	326
172	155
173	978
174	402
175	63
176	848
176	651
177	936
178	331
178	6
179	335
182	512
183	993
183	25
183	463
186	235
186	443
186	358
188	788
188	60
190	310
193	486
193	875
195	38
196	561
197	381
198	831
199	293
199	366
201	628
202	560
203	15
204	139
205	237
205	4
206	810
207	423
212	484
213	121
214	868
216	406
220	717
220	563
221	439
221	357
222	476
223	337
224	255
226	668
226	2
227	610
228	719
229	317
229	550
230	277
232	257
233	418
234	210
234	247
238	607
238	821
239	107
239	612
241	585
244	548
245	951
246	711
248	494
249	283
250	102
250	200
251	690
253	621
253	514
254	703
259	105
260	57
263	498
264	946
264	244
267	964
268	973
268	125
268	455
269	460
270	789
272	112
273	45
274	496
274	725
274	191
275	528
277	961
281	908
282	323
286	766
286	231
290	30
290	201
291	369
292	71
293	95
294	77
294	625
297	797
297	670
297	573
298	826
299	508
300	982
303	887
305	968
307	288
308	941
309	162
309	388
310	862
312	252
314	602
316	279
316	58
317	922
320	827
320	710
320	846
321	790
321	385
324	798
324	204
324	24
329	932
330	876
331	269
332	793
333	94
333	720
333	173
334	111
334	54
335	516
338	379
338	611
338	428
338	347
338	536
339	699
339	678
339	295
340	66
340	383
342	634
345	503
347	860
348	903
349	704
350	617
351	218
352	308
354	116
355	174
356	127
357	803
358	590
360	983
361	688
361	362
361	802
362	50
362	325
362	892
362	28
366	329
367	20
369	14
372	896
373	801
374	567
375	73
375	695
377	817
377	969
380	396
381	346
381	405
383	156
385	950
385	795
385	154
386	26
388	759
391	592
391	526
391	361
392	316
394	226
397	614
398	995
401	645
403	245
403	920
404	213
405	591
405	657
406	642
407	784
407	949
409	544
409	386
409	558
410	453
410	858
412	582
415	791
415	37
416	411
417	684
421	644
423	811
423	344
427	377
428	929
428	706
428	881
428	184
430	630
430	895
433	702
433	126
433	47
434	600
436	141
436	869
436	506
439	796
440	281
440	572
441	493
441	88
443	581
444	328
445	709
445	81
445	490
446	774
447	33
447	104
448	229
448	32
448	627
451	488
452	219
455	752
456	981
456	679
456	638
457	844
458	203
459	274
460	975
461	282
462	10
464	623
468	350
469	930
470	285
470	669
471	586
474	524
475	336
476	253
476	499
476	384
477	113
478	723
478	520
478	339
479	91
480	327
480	667
480	649
481	748
484	119
485	682
485	658
486	401
487	530
488	786
488	733
489	352
489	701
490	957
495	370
496	911
498	953
500	74
500	942
501	523
502	681
504	874
504	65
508	537
508	665
508	782
509	928
509	909
509	186
509	597
510	721
512	266
514	635
516	967
517	419
517	90
518	653
520	851
521	375
521	390
523	654
523	768
525	356
525	859
527	353
528	5
528	161
528	223
530	919
531	175
532	351
533	652
533	661
533	574
534	93
534	202
534	640
535	250
535	321
535	84
535	673
535	420
536	441
536	646
536	211
537	990
537	371
537	924
537	167
538	18
540	923
541	413
544	132
545	474
546	145
547	197
547	697
549	367
549	834
551	897
553	258
554	436
554	48
555	882
556	497
558	824
559	19
561	540
562	822
562	340
563	289
565	952
565	199
566	680
567	39
567	99
568	604
569	12
570	615
570	977
571	482
571	577
571	301
571	478
572	662
573	739
574	999
574	871
575	647
575	248
575	292
578	434
580	812
581	319
581	449
583	481
587	148
589	448
589	754
590	464
591	576
591	300
592	971
593	437
595	491
597	775
597	632
597	425
598	363
599	732
599	130
600	724
600	461
601	287
601	181
601	554
601	931
602	56
603	556
603	779
604	136
607	745
608	313
609	421
609	675
611	988
611	979
612	101
612	587
613	163
615	343
616	998
616	636
617	271
618	426
620	86
620	800
621	399
621	409
622	991
622	82
624	832
627	696
627	764
628	562
630	433
630	355
630	391
631	230
632	129
634	631
635	777
637	521
639	715
639	470
639	943
640	416
640	424
640	16
641	169
642	447
642	884
644	904
646	61
647	584
647	660
647	958
648	685
650	472
650	588
651	160
652	845
656	41
656	64
659	792
660	828
662	532
664	3
664	648
664	738
665	674
665	432
666	902
666	387
666	933
666	110
667	535
670	489
670	259
672	264
672	907
673	853
673	787
674	956
675	626
676	333
677	595
678	758
678	44
680	118
680	814
683	87
686	311
687	898
687	677
689	553
690	624
691	364
693	663
694	618
694	70
695	531
695	471
695	76
696	205
696	260
696	776
697	98
699	938
700	925
700	549
700	286
701	22
701	864
701	442
702	477
702	302
702	446
703	315
703	916
705	603
707	835
707	757
707	241
708	103
710	270
710	341
710	840
712	841
713	133
713	569
713	578
714	238
716	164
716	972
719	165
719	78
720	555
723	918
724	179
724	158
726	755
726	744
727	505
728	743
728	140
730	671
730	192
730	731
731	893
731	144
732	42
733	538
733	980
734	35
736	43
736	966
736	157
737	760
737	747
738	234
738	866
738	96
742	159
743	100
744	778
744	987
745	838
746	613
746	689
747	232
747	843
748	373
748	517
749	633
750	11
750	825
751	120
751	694
752	322
752	398
753	185
753	772
754	0
755	850
755	147
759	468
760	996
760	794
760	89
760	392
761	348
761	927
762	749
764	228
767	807
767	818
767	819
767	939
769	994
771	741
773	72
776	394
776	221
777	206
778	910
779	263
779	716
779	457
779	97
780	906
780	707
781	306
782	947
783	403
783	303
784	913
786	349
787	267
787	153
791	879
791	123
792	726
792	172
793	475
793	529
794	17
796	138
796	272
798	166
798	152
798	842
798	891
800	666
800	135
800	233
802	888
803	372
803	422
805	992
805	718
805	771
805	236
806	417
807	34
810	124
811	52
811	502
812	473
812	883
813	746
814	198
814	307
815	565
815	458
816	890
817	429
817	275
818	519
818	297
819	736
820	533
820	714
820	242
821	480
822	722
823	763
823	177
823	243
824	284
828	816
829	115
830	984
830	522
831	92
834	619
835	886
835	551
837	579
837	926
838	332
838	616
839	389
839	609
839	451
839	606
840	575
840	664
844	836
844	31
845	467
846	227
846	728
846	571
848	149
849	691
850	873
850	450
852	137
853	108
855	730
855	410
856	334
856	583
857	68
857	737
858	542
859	833
860	291
862	593
863	539
864	296
864	734
865	150
867	67
868	194
869	128
869	487
869	735
871	106
871	639
872	712
872	960
875	380
876	59
877	820
877	970
880	23
880	40
882	209
882	212
882	785
886	899
886	676
886	518
889	596
889	320
891	889
891	756
891	605
892	940
892	963
893	863
893	9
894	195
895	190
895	885
896	62
897	781
899	761
900	692
901	839
904	249
906	708
911	751
911	955
912	354
913	799
920	479
921	215
922	823
923	513
923	445
923	273
924	395
925	280
925	49
928	655
929	359
931	962
931	729
933	430
933	608
933	808
934	568
934	985
938	727
947	224
948	246
949	176
950	412
950	8
951	806
952	954
953	345
954	527
955	872
956	360
956	770
958	693
958	256
959	683
959	365
960	483
961	438
961	1
963	456
963	75
964	847
964	338
964	534
964	865
965	598
967	378
968	515
970	813
971	29
973	187
975	815
976	557
978	566
978	769
978	900
979	83
979	809
979	214
981	870
981	69
982	507
982	767
983	368
987	397
987	180
988	268
988	304
991	622
991	510
993	830
994	382
997	620
998	46
998	935
999	7
