0	625
1	295
1	430
1	588
2	346
9	777
12	740
12	751
13	417
16	33
16	61
17	284
17	323
17	818
17	864
18	604
19	674
19	806
20	55
21	230
21	573
21	870
22	831
25	988
26	296
27	262
31	240
31	902
32	266
32	347
34	645
34	660
35	379
35	384
36	403
36	565
39	183
39	923
40	176
40	220
40	370
40	808
41	723
41	913
42	167
42	687
45	345
45	413
45	721
46	456
47	667
48	401
48	758
49	252
51	473
54	503
54	849
55	1
55	468
55	646
55	986
56	746
57	700
58	480
58	829
59	528
62	348
62	630
62	685
63	130
63	704
64	113
64	506
67	623
67	635
67	750
68	255
68	827
70	960
71	680
74	163
74	787
75	153
75	552
76	165
77	156
78	409
78	507
80	123
80	8
83	256
83	983
85	537
85	569
86	545
86	793
88	231
88	341
90	254
90	702
91	146
91	78
92	301
93	375
93	748
95	66
95	472
95	688
96	562
96	93
98	797
99	332
99	788
101	300
101	728
102	378
102	536
105	112
105	851
107	229
109	208
114	629
114	114
115	603
116	228
117	482
120	278
121	35
121	621
125	883
126	824
126	909
130	212
131	102
131	747
133	948
134	161
134	730
137	556
137	693
138	152
138	340
138	498
138	109
138	843
139	198
142	221
142	996
143	819
144	585
144	813
146	169
147	601
147	22
148	516
150	427
150	754
151	92
152	564
153	412
153	981
154	270
154	792
155	394
156	912
160	313
162	651
163	449
163	647
164	318
164	395
166	259
167	512
168	38
169	414
170	67
171	844
172	354
172	524
174	319
174	670
175	299
175	821
176	863
176	920
177	474
177	140
179	282
180	884
182	263
182	803
183	768
183	771
184	41
186	975
187	120
187	60
191	663
191	997
193	80
193	631
194	368
199	107
200	899
202	17
203	373
203	582
203	150
205	598
205	121
208	203
209	400
210	664
211	243
211	488
211	794
212	32
212	448
212	784
214	385
214	483
214	925
216	281
216	752
217	494
218	175
219	729
220	350
223	525
225	991
226	947
227	479
227	971
229	633
230	501
232	327
233	26
234	853
235	139
235	43
236	261
236	104
236	845
238	62
239	434
240	70
241	887
242	369
242	570
242	896
243	460
248	171
248	726
249	65
250	505
254	367
254	686
255	321
255	4
255	82
255	855
256	244
257	250
257	543
257	717
259	267
259	105
259	53
260	234
261	40
263	657
264	586
264	672
265	640
265	239
267	344
268	712
268	716
269	405
271	799
272	973
273	587
273	677
274	268
274	534
274	644
274	976
275	406
275	954
276	671
276	861
277	249
278	49
278	526
281	149
281	59
282	293
282	881
283	328
284	216
284	155
284	654
287	118
291	160
293	879
295	418
295	185
298	551
299	387
299	206
301	297
302	678
303	182
303	924
304	698
305	733
306	720
308	39
308	774
309	900
310	574
310	611
311	500
311	57
312	46
312	490
313	439
315	504
316	606
316	238
318	407
318	30
319	612
320	129
322	50
322	731
323	264
325	197
328	735
328	965
330	636
332	835
333	335
335	94
335	898
336	366
337	251
338	134
338	14
341	272
343	305
344	568
346	476
346	860
348	978
348	982
349	890
350	891
352	143
352	304
352	164
353	452
353	607
353	715
353	226
356	773
357	665
357	64
358	846
361	423
363	682
367	880
368	515
368	669
368	763
369	745
371	987
372	842
373	111
373	85
375	271
381	949
382	213
382	877
382	885
383	559
383	694
383	736
383	889
384	69
385	572
387	236
387	362
388	74
389	968
390	444
390	591
390	286
391	921
392	426
392	739
393	596
394	535
397	475
398	420
398	376
399	676
401	641
405	967
407	419
407	377
407	929
407	951
408	437
409	241
411	471
411	311
413	531
416	491
416	87
416	549
418	958
419	744
419	194
421	580
422	738
422	211
423	34
424	415
426	608
426	783
427	522
428	16
428	75
429	593
429	903
431	659
432	95
433	742
434	699
436	393
438	28
440	374
440	989
441	73
441	656
441	196
442	2
442	917
443	519
443	706
443	223
444	411
446	349
447	287
448	381
449	509
450	492
450	496
450	710
451	86
452	83
453	759
454	510
454	705
454	936
455	186
455	365
455	353
455	288
456	653
456	673
456	922
457	128
457	697
457	741
458	713
466	761
468	179
469	753
469	892
470	615
471	529
471	600
472	577
472	217
474	207
474	455
475	781
476	343
478	541
480	174
480	956
481	820
482	916
483	115
483	878
484	575
484	181
484	776
485	290
486	333
487	589
489	683
490	138
491	325
491	47
492	666
493	998
494	352
496	499
497	977
498	320
498	10
499	322
501	579
501	317
503	854
508	391
510	446
511	199
512	454
512	162
512	485
513	170
515	722
516	858
520	428
520	386
522	390
522	209
523	547
523	938
524	638
525	445
525	841
525	895
525	961
526	285
526	957
527	815
530	668
530	29
530	847
531	303
532	802
534	828
535	470
535	157
537	639
539	257
539	617
539	72
540	830
541	20
543	555
545	780
545	888
546	778
548	191
548	275
550	584
550	690
551	839
552	218
552	237
553	609
556	279
556	974
557	309
558	550
558	823
559	154
559	205
560	655
560	560
561	357
562	796
563	306
564	725
564	999
565	905
566	398
566	942
568	245
568	810
569	558
569	850
573	68
573	44
574	782
575	222
577	180
578	453
578	875
579	315
579	749
579	126
581	764
583	624
584	707
584	184
585	962
587	614
587	811
592	158
594	31
595	578
595	994
596	599
597	432
598	144
599	71
602	618
603	0
605	765
605	497
605	952
606	910
607	56
608	832
609	97
610	100
613	215
613	833
613	911
615	540
617	258
618	859
619	276
619	277
621	544
623	848
626	151
627	801
628	943
629	718
629	944
630	137
630	342
631	117
632	440
633	307
640	396
641	486
643	422
643	908
644	363
644	770
646	583
648	992
649	79
652	219
652	178
652	514
653	192
653	791
653	933
656	613
658	692
660	364
661	489
662	127
663	882
663	435
665	106
667	789
668	495
668	359
668	557
669	539
671	204
671	37
674	867
674	443
675	709
675	89
676	561
677	233
678	360
679	605
681	571
682	242
682	131
682	520
684	436
684	331
684	52
684	932
685	760
686	329
686	145
687	769
687	567
687	188
687	985
688	856
688	893
689	542
690	711
692	380
692	857
692	210
692	945
693	464
693	931
694	397
695	457
696	785
696	493
696	116
698	767
699	13
700	110
702	467
702	148
702	465
703	45
706	99
707	193
707	935
707	993
708	871
710	399
710	695
712	834
712	316
712	330
715	795
715	826
717	382
717	521
717	294
720	51
720	622
721	862
721	970
723	273
723	11
723	469
725	187
729	122
729	538
729	963
730	442
731	937
732	292
732	392
733	708
733	438
734	872
734	314
734	642
735	108
736	487
738	5
740	308
741	727
743	814
743	232
744	402
745	36
745	904
747	595
750	172
751	84
751	136
753	77
753	433
753	703
753	450
754	135
755	816
756	679
757	817
758	81
758	901
762	459
764	652
764	941
764	953
765	914
767	649
768	25
768	19
768	159
769	425
769	594
769	592
769	969
771	326
771	283
772	762
773	532
774	338
777	812
778	98
779	388
779	930
781	934
783	868
783	886
785	463
786	805
787	627
787	324
789	619
790	302
791	416
791	269
792	9
793	21
794	298
794	517
794	441
794	451
795	90
795	756
797	168
798	825
802	836
803	554
804	681
804	927
804	928
804	48
805	265
806	404
807	800
807	481
809	873
812	616
812	743
813	950
814	7
814	918
814	190
814	355
815	966
818	581
819	714
819	142
821	246
821	508
822	103
823	643
823	546
823	337
823	897
824	755
824	940
829	661
831	628
832	76
839	701
840	972
843	775
844	852
845	27
845	6
845	837
846	866
846	563
846	461
846	684
846	248
847	865
849	361
849	798
851	15
853	959
854	477
854	351
855	523
856	334
856	757
857	626
860	548
860	200
861	18
861	58
862	915
862	838
863	894
864	675
864	3
869	312
870	189
871	54
873	235
876	648
877	602
880	224
880	822
880	650
881	253
881	195
882	214
882	356
883	576
883	429
884	202
884	424
885	620
887	260
887	280
888	447
889	23
890	91
892	410
894	518
895	96
896	227
896	141
896	408
896	724
898	383
899	125
899	310
900	247
901	772
902	840
906	458
907	610
909	964
910	995
911	807
913	590
913	946
915	809
915	869
915	63
917	101
917	466
918	527
919	766
920	689
921	339
921	979
923	513
929	533
934	691
936	926
936	790
936	984
936	658
938	389
939	907
940	874
940	719
940	696
940	166
942	177
944	634
945	511
947	24
948	566
950	955
956	919
957	372
957	478
958	484
959	662
961	132
962	637
963	737
965	289
965	371
966	147
970	876
974	553
975	939
975	732
976	786
978	88
981	42
981	980
981	173
982	990
983	597
984	734
984	421
985	502
986	462
988	431
989	12
989	358
990	779
991	274
991	804
991	336
991	133
992	225
993	906
994	124
996	291
997	119
997	632
998	530
999	201
