1	438
3	966
3	950
4	456
5	740
6	654
6	887
8	101
8	880
9	620
9	359
9	424
10	260
12	204
13	931
14	18
16	364
18	411
18	832
19	635
21	441
21	71
22	827
23	837
24	17
24	418
26	909
27	585
27	729
27	969
27	191
27	298
29	84
29	906
30	584
30	685
33	480
33	170
33	263
33	985
35	636
36	344
36	404
36	533
37	889
37	148
38	72
40	530
40	617
44	82
45	596
46	61
47	333
48	982
49	634
50	106
53	642
53	206
57	49
57	208
57	368
58	158
59	296
62	451
62	892
63	38
63	96
64	445
67	722
68	122
69	200
70	55
71	682
76	328
77	826
77	842
78	559
79	455
82	500
83	20
83	262
84	745
84	935
87	19
87	819
88	357
89	332
91	337
92	143
93	862
93	947
95	341
96	768
96	136
96	712
97	472
99	512
100	544
101	114
101	169
101	290
101	374
103	956
105	558
105	155
105	811
106	73
106	721
106	711
106	230
108	3
108	825
109	452
110	463
110	709
111	135
111	751
113	223
114	40
114	919
116	535
116	884
120	565
121	532
125	396
126	13
126	358
127	912
127	623
127	283
129	604
129	890
130	132
130	414
131	264
133	466
135	399
136	615
137	507
137	310
141	677
142	291
142	910
148	833
149	326
149	550
152	102
153	59
154	695
156	879
156	551
157	965
160	199
161	510
161	609
161	515
162	719
165	146
167	117
167	361
167	485
169	127
172	546
172	964
173	529
177	385
177	789
178	408
178	720
178	163
178	186
179	531
179	602
180	504
180	202
181	375
182	844
182	997
183	382
184	853
186	491
187	108
187	213
187	498
187	848
188	232
188	946
188	983
189	589
190	503
190	647
192	297
193	538
194	23
197	767
198	506
199	748
200	422
201	705
201	626
201	683
201	754
202	763
202	784
204	886
205	999
206	765
206	924
207	992
208	920
209	327
209	738
209	308
210	652
210	911
211	613
211	857
212	53
214	272
215	855
216	461
216	479
219	843
219	653
219	913
220	694
221	775
222	181
222	841
225	489
225	777
226	141
226	882
227	603
230	144
231	802
232	494
233	665
233	412
235	89
235	113
235	442
236	761
237	693
238	15
238	215
241	397
243	100
243	651
245	236
249	280
250	245
250	769
251	347
253	640
254	707
254	168
254	727
255	831
256	36
256	744
258	888
261	1
261	632
261	830
264	994
264	715
264	860
265	611
266	240
266	314
270	450
271	822
272	861
272	672
272	517
272	755
273	867
275	592
276	329
277	656
278	174
278	804
278	508
279	899
280	903
280	437
280	979
282	225
283	688
289	473
292	4
292	311
292	649
293	355
294	873
295	594
295	940
296	52
297	496
297	645
298	795
299	818
300	267
300	407
301	319
303	786
303	814
304	667
305	797
306	739
307	338
311	633
311	846
311	482
312	216
312	803
313	142
313	395
318	875
321	226
321	391
323	30
326	681
326	462
327	345
327	390
327	467
328	575
329	116
329	933
329	608
330	182
330	878
331	32
331	373
331	526
332	637
333	716
334	8
334	668
335	929
336	432
337	406
337	189
337	967
339	140
341	246
343	346
343	829
343	989
344	137
344	321
344	98
345	81
348	631
350	287
350	426
352	764
355	854
355	484
357	560
358	214
361	534
361	557
363	253
363	162
363	714
364	250
365	998
366	845
367	183
368	68
369	669
369	427
369	955
370	123
371	57
372	5
372	629
373	125
374	574
378	286
378	350
379	12
379	138
379	840
379	824
380	981
381	288
382	307
383	29
383	564
383	760
384	312
384	726
386	220
387	268
387	894
389	258
389	360
389	691
391	902
392	365
392	732
393	266
394	243
395	511
396	294
397	475
400	953
401	284
402	648
404	492
404	936
406	74
406	402
408	237
409	970
410	94
411	380
412	525
416	644
417	571
418	352
419	107
419	468
420	521
421	313
424	305
424	175
424	687
426	24
427	115
429	304
429	697
429	962
430	387
432	324
433	934
435	372
437	274
440	167
440	393
443	708
443	901
445	378
446	16
446	367
447	614
448	70
449	932
450	444
451	159
452	868
453	178
454	439
455	249
456	65
456	423
457	501
458	431
458	622
459	2
459	190
460	224
460	905
461	229
463	97
465	734
467	975
468	75
470	783
471	747
473	863
474	241
478	549
478	301
479	839
480	180
480	612
481	111
482	247
483	316
483	798
484	553
487	664
487	850
491	44
493	99
494	348
495	86
495	759
497	295
498	959
499	35
502	366
505	166
505	782
508	409
510	362
510	493
511	897
513	643
519	513
522	330
522	573
522	587
523	465
524	379
525	25
526	916
527	780
528	847
528	820
529	703
530	227
531	791
531	545
532	536
534	713
535	926
537	984
538	176
538	628
540	33
540	417
540	523
540	746
540	908
541	37
543	481
543	601
543	724
544	41
546	128
547	624
548	735
548	62
549	95
551	660
553	429
553	944
555	756
556	205
558	790
561	306
561	699
561	951
562	47
562	323
562	528
563	277
563	692
567	322
567	743
569	152
570	753
571	389
571	690
572	961
575	419
575	793
576	469
578	105
578	150
579	718
580	255
580	812
581	383
581	519
581	56
583	91
584	737
585	907
586	921
588	234
592	76
593	883
594	351
595	973
595	638
596	112
597	752
598	509
601	252
601	279
601	698
602	704
603	836
605	228
606	625
606	851
608	299
608	725
608	859
609	801
610	50
610	64
610	958
612	251
614	77
614	63
614	588
615	90
616	194
616	293
617	405
618	566
619	449
620	0
621	342
624	201
627	686
628	945
631	980
633	398
633	133
636	471
636	610
638	45
639	118
639	6
641	278
641	285
644	197
644	871
645	334
646	369
647	92
647	556
647	315
648	356
649	988
650	265
652	171
653	448
653	696
653	762
654	184
655	460
655	949
656	416
656	666
657	572
657	156
657	621
657	663
660	447
662	415
662	177
662	203
666	990
666	849
667	292
667	865
670	598
672	488
673	259
674	486
674	581
676	938
677	597
678	742
683	388
683	838
684	145
684	261
685	22
686	930
687	394
687	524
688	51
689	179
690	787
691	196
691	917
693	164
693	567
694	619
695	941
696	773
698	561
698	420
699	139
700	83
701	606
702	78
703	173
704	26
704	131
704	673
706	218
706	490
706	700
706	869
707	318
710	939
712	42
713	646
715	440
715	518
716	160
717	157
717	281
718	891
718	815
719	630
721	702
722	874
724	520
725	896
727	400
728	120
728	749
729	193
730	960
732	562
732	483
732	828
732	993
733	376
734	582
737	339
737	758
740	377
740	309
740	928
742	487
743	335
743	579
744	211
744	650
744	552
744	675
746	807
746	881
748	710
748	161
748	809
750	207
751	110
752	425
753	134
754	954
755	540
757	974
758	10
758	219
760	972
763	343
764	69
765	239
765	457
768	320
770	34
770	548
770	641
772	436
772	527
773	925
774	336
775	731
777	835
778	153
779	58
779	212
779	210
779	799
781	639
781	810
783	774
788	514
789	443
791	505
792	706
792	781
793	242
796	661
797	750
799	766
799	948
801	806
802	303
804	996
804	986
805	273
806	381
806	403
809	900
811	269
811	539
812	995
813	893
815	254
817	563
817	674
817	413
818	778
820	757
820	9
824	568
824	968
825	776
825	923
826	149
827	195
827	154
828	978
829	657
829	870
830	618
830	977
831	499
832	172
832	593
832	856
833	270
835	858
836	386
839	541
840	93
840	497
840	866
841	898
842	583
842	586
842	384
842	543
842	591
846	244
846	788
847	392
848	235
848	276
849	885
850	185
851	689
853	188
853	877
855	275
855	300
856	537
857	221
857	458
860	542
861	976
863	717
865	231
865	895
866	317
866	736
867	676
867	28
868	129
869	331
872	48
873	796
874	289
875	476
876	577
877	85
878	876
878	371
882	808
882	198
883	971
884	671
884	54
885	370
885	421
886	655
887	430
888	257
889	459
889	918
890	554
890	569
890	222
891	104
893	547
893	21
894	302
894	915
895	433
897	477
899	852
901	516
901	627
901	771
903	770
904	67
904	600
905	79
905	816
906	701
907	823
907	39
908	446
909	147
910	349
910	872
912	821
915	340
915	658
915	66
915	363
916	410
916	464
917	502
919	87
919	522
920	27
920	813
920	937
921	256
921	684
921	805
922	730
922	834
923	576
924	659
927	428
928	165
930	233
930	595
931	599
933	43
934	103
935	728
935	282
936	904
938	401
938	678
939	580
940	914
940	192
943	124
944	11
944	130
944	590
945	454
945	605
945	7
946	353
946	952
947	151
947	662
947	119
948	474
950	733
951	670
953	325
953	943
953	435
955	478
955	217
957	187
958	238
959	46
960	794
960	60
960	957
961	723
961	963
964	109
964	354
964	741
966	800
966	555
971	453
972	607
972	864
972	679
972	991
973	80
973	31
974	248
974	570
974	434
975	126
977	680
977	817
979	616
980	88
980	772
980	942
980	495
981	470
983	271
983	927
984	209
987	792
989	987
992	779
993	785
993	922
995	14
998	121
998	578
